68.33210587501526
50.03321170806885
35.21343767642975
40.0517076253891
41.87666475772858
28.786253929138184
24.988192319869995
40.31081795692444
23.162011802196503
17.861883342266083
24.319835007190704
20.491430163383484
21.04087471961975
21.476708352565765
20.228183269500732
18.096888065338135
17.980577051639557
19.425301253795624
13.005836308002472
20.102937519550323
14.404211938381195
13.093593716621399
12.930198013782501
10.583736002445221
11.41926646232605
13.651669025421143
13.197241723537445
12.679900228977203
12.54882961511612
8.677437156438828
14.256095886230469
16.84393584728241
9.051597863435745
18.594849109649658
12.484046816825867
12.5729039311409
10.551199316978455
9.154220670461655
14.553231000900269
12.781614065170288
10.136619210243225
5.455365031957626
9.206706285476685
11.151547729969025
11.076807975769043
7.927621901035309
10.44004112482071
7.606187462806702
7.689851522445679
11.882404237985611
7.163192331790924
7.63624981045723
5.914416164159775
7.098431885242462
11.941827833652496
8.575286716222763
7.0958636701107025
6.68707937002182
7.001804560422897
6.249375641345978
6.699879467487335
5.136067047715187
5.690373852849007
6.455229967832565
6.390796601772308
7.8436195850372314
6.02395087480545
7.578708976507187
6.433583050966263
5.3942009806633
5.241347849369049
7.39331841468811
4.642092436552048
7.3884353041648865
5.37736676633358
4.948294535279274
5.105161294341087
10.035689175128937
5.04065714776516
5.5268097668886185
5.060967057943344
4.937901347875595
4.750856012105942
4.63162437081337
4.390574619174004
8.014238625764847
5.416044592857361
3.644789755344391
5.906807631254196
5.8613549917936325
5.641211569309235
10.70515513420105
13.559658825397491
7.133259624242783
3.9824195206165314
5.762939900159836
6.678689271211624
3.938310220837593
3.669092059135437
5.437837913632393
5.0814904272556305
4.569943621754646
9.136897325515747
3.4661900252103806
4.925581067800522
4.304060339927673
5.6711651384830475
4.310862720012665
5.062081292271614
9.31483581662178
8.403438329696655
5.218980088829994
5.817173421382904
4.378794878721237
3.9576370269060135
4.640520364046097
5.763058364391327
4.971487075090408
8.032157272100449
5.2846357226371765
5.010634288191795
3.5658802837133408
5.769604071974754
6.210441142320633
4.481574892997742
5.02575971186161
5.317925289273262
3.540610894560814
5.799645930528641
4.74327951669693
9.603577107191086
4.324032738804817
4.830662906169891
3.3742111176252365
4.795463755726814
4.276838898658752
3.9319466799497604
3.217030316591263
5.501385033130646
3.93105112016201
4.31838296353817
3.1924519687891006
3.625684976577759
4.547335579991341
3.9776600897312164
4.643051326274872
3.8590945303440094
3.5349324345588684
4.894696921110153
3.8948100060224533
5.7815201580524445
3.3985018730163574
3.7666577845811844
9.845861047506332
3.656005859375
5.582204833626747
3.7067223340272903
4.7379810363054276
2.184969000518322
3.4048203378915787
3.2171815633773804
3.040958009660244
2.383396402001381
3.299274295568466
4.371802508831024
2.510250359773636
2.579791843891144
4.719443619251251
3.1546901911497116
2.706058695912361
3.777914121747017
3.438998758792877
3.663032501935959
3.978530690073967
3.152282163500786
3.7119556218385696
6.287959963083267
2.3022396489977837
4.853533953428268
3.481883928179741
7.293470203876495
5.713345482945442
3.9661165326833725
5.653842911124229
3.275087848305702
2.308455854654312
5.836814269423485
2.9000243172049522
3.1023316085338593
2.5283083319664
3.7352431565523148
13.788469135761261
2.9861802235245705
3.040803410112858
5.0414517521858215
3.321855515241623
3.1556256115436554
8.46012532711029
2.41079218685627
4.353630542755127
9.887947887182236
3.4416258335113525
5.8271002024412155
2.738424204289913
3.424284979701042
3.0416391789913177
8.555834740400314
4.185660928487778
3.81045825779438
2.6981759816408157
2.1792730316519737
4.323463514447212
6.599663197994232
2.5852838531136513
3.2802417874336243
3.4279920160770416
3.7255078554153442
5.804735794663429
5.9081219136714935
4.638670012354851
3.0912647023797035
2.752929739654064
4.113417863845825
3.915257751941681
4.387826099991798
2.70664319396019
3.9778128266334534
4.864674434065819
1.8592152744531631
2.812536619603634
4.238605499267578
2.805149368941784
2.162480913102627
2.7023838832974434
2.039213664829731
2.793126553297043
10.104021430015564
2.0119251683354378
2.1618425846099854
3.084680065512657
2.7914684265851974
1.7215546220541
2.6291577145457268
2.7221262454986572
3.276507556438446
2.0288418978452682
2.828727103769779
3.237590938806534
3.400011360645294
4.284296557307243
3.567115217447281
6.417196989059448
2.2092387080192566
2.154960110783577
5.133773759007454
3.0194662511348724
3.00297848880291
2.4989014491438866
7.115615904331207
1.8341392278671265
3.190082684159279
4.519837349653244
17.783835530281067
2.0261548459529877
1.819819025695324
2.192239463329315
3.9026379585266113
2.5896405801177025
3.573240339756012
2.570740506052971
4.030047357082367
3.8986138999462128
1.6324719414114952
2.073085680603981
3.3752527087926865
2.451919950544834
2.957046590745449
1.7958909273147583
2.769218571484089
2.363264374434948
2.056226506829262
1.8894050270318985
2.2726982831954956
1.6260702162981033
2.2569308057427406
2.084045857191086
1.6540145501494408
2.5702571496367455
1.5348007902503014
2.0684538409113884
2.018832601606846
2.1671073511242867
14.249014854431152
2.07845289260149
6.205878034234047
2.2338753566145897
2.837221696972847
2.431781589984894
2.978219650685787
3.306512162089348
1.7026867717504501
2.591250464320183
2.2537505254149437
3.5862792283296585
1.9016696140170097
1.391049474477768
5.006792396306992
1.8321873620152473
1.8251905217766762
1.339390128850937
1.6237618401646614
1.8721479922533035
3.4999415278434753
2.101152203977108
1.9849538803100586
2.275642938911915
2.554912120103836
4.828250780701637
1.88150554895401
4.088826477527618
1.5913106501102448
2.3867731913924217
2.6878971606492996
3.754332661628723
3.0315106734633446
1.7411090433597565
1.640819013118744
2.644149586558342
2.9576726257801056
4.87009733915329
4.16879802942276
2.3022105917334557
1.5823185443878174
3.0212249606847763
1.7349805682897568
2.270696498453617
1.4033670537173748
4.039641469717026
2.3416372016072273
6.856755912303925
4.956649616360664
2.191334590315819
1.6427654772996902
2.4580471217632294
3.3585771918296814
1.7973151057958603
3.9528463035821915
3.2162703573703766
2.4779316037893295
1.1095467954874039
13.81005346775055
1.4283707365393639
1.2130137532949448
2.4931855499744415
2.8497684746980667
6.351791322231293
1.8323974683880806
2.455206960439682
8.740238845348358
2.005523070693016
2.8695469722151756
2.846611477434635
4.904172942042351
17.05218404531479
3.2821662724018097
2.3040665313601494
2.5436274707317352
2.3089872673153877
2.090049535036087
2.9180817306041718
2.1917637437582016
2.0714975893497467
2.560199052095413
2.352428436279297
3.1865745782852173
2.4811111390590668
1.9700441509485245
2.298099547624588
2.2608868777751923
1.3729630038142204
1.7210807651281357
2.9202762991189957
1.6350621357560158
1.2001319788396358
1.843181811273098
1.4972168020904064
2.30881217867136
2.516668476164341
2.0690422505140305
1.335363369435072
1.7461130395531654
6.9564372301101685
1.467934064567089
2.19474658370018
2.2355513647198677
2.0857486873865128
1.590229757130146
1.0953189805150032
1.2764811515808105
3.19196917116642
1.5745807439088821
5.3281329572200775
1.4985578134655952
2.2690508514642715
2.122417837381363
3.247607871890068
2.5198418647050858
2.703590504825115
1.3528235256671906
2.3400144651532173
1.8447929993271828
2.1221546456217766
1.98453851044178
2.2565511986613274
2.1363696083426476
2.1420076489448547
5.3425464779138565
2.037408947944641
1.8448755145072937
2.0390933379530907
3.5519998520612717
2.697661332786083
3.003977984189987
1.7776468768715858
1.5412320382893085
3.241613507270813
0.9801315143704414
5.033595114946365
6.557329744100571
1.6999753192067146
1.6631951555609703
3.029734268784523
0.9759636595845222
3.3112969249486923
1.7740389332175255
1.7906984314322472
1.5464750118553638
2.2851767018437386
3.478694334626198
1.5578397549688816
1.0693280026316643
6.908102333545685
1.862037554383278
3.047759085893631
1.360782701522112
3.787701204419136
4.886218532919884
1.0984936729073524
