69.24669742584229
44.961148500442505
37.46642768383026
37.0756596326828
37.14289963245392
35.98116636276245
31.096047163009644
30.24996519088745
26.94406807422638
26.718419790267944
27.257290482521057
20.153537392616272
23.855455219745636
24.79574978351593
26.879271864891052
22.945035994052887
19.9694961309433
18.59627366065979
20.97369134426117
18.563295900821686
16.01286381483078
14.003680646419525
17.556729912757874
19.33533251285553
18.152184784412384
14.2105832695961
15.64546525478363
10.72581261396408
12.272139638662338
14.574989676475525
15.192200243473053
13.275009393692017
13.510686159133911
11.974205821752548
14.153361320495605
13.195012509822845
13.64152580499649
14.17679488658905
15.521211922168732
20.726358890533447
13.78684937953949
12.39764392375946
10.65683588385582
10.28195470571518
11.862372606992722
11.279827356338501
10.334604233503342
9.163063019514084
8.555072546005249
10.657785087823868
12.05119788646698
8.463498950004578
12.38366961479187
7.294849306344986
9.917113184928894
6.82467520236969
10.020151734352112
12.811566889286041
10.980412364006042
8.94441157579422
10.223987698554993
9.949588775634766
8.53676050901413
12.688235938549042
8.373325318098068
10.020461678504944
10.260684788227081
7.1210697293281555
8.015676587820053
9.230223298072815
9.593720734119415
6.084689125418663
13.79358321428299
11.458301544189453
12.681597471237183
10.831348598003387
11.31301000714302
6.503768265247345
11.64296343922615
6.54374435544014
13.916327059268951
11.68428584933281
10.240673273801804
6.994384527206421
9.347401559352875
7.534520328044891
5.8793190866708755
8.162212371826172
9.309806674718857
8.301357924938202
12.206926196813583
12.673474848270416
7.061873376369476
7.861817628145218
6.069287657737732
8.51292833685875
9.249279648065567
9.086421877145767
11.314573138952255
7.86474272608757
10.591521859169006
10.518141835927963
7.723984867334366
6.641791760921478
4.9859918653965
7.063447684049606
7.7738940715789795
6.895209103822708
8.443722873926163
8.042874932289124
8.04327130317688
9.106166660785675
7.27447047829628
7.833197712898254
5.062220990657806
7.662612199783325
6.081470102071762
7.344392687082291
7.240261882543564
10.143276304006577
9.588929265737534
7.6446205377578735
5.6726764887571335
7.086201012134552
9.026844799518585
7.086797058582306
5.831526219844818
5.649860203266144
8.419500291347504
10.861099511384964
9.006693214178085
11.469659954309464
11.21373251080513
10.142877697944641
7.317498326301575
7.431259006261826
9.444478899240494
9.577252715826035
8.636730164289474
7.002276182174683
5.370554327964783
6.9857001304626465
9.350261837244034
5.2054546773433685
7.010700553655624
13.146427273750305
7.131459563970566
11.219456046819687
4.6374063938856125
10.63440516591072
7.299371808767319
4.9652643501758575
10.613459348678589
9.49295237660408
6.244197487831116
4.96065728366375
6.792707741260529
12.847387790679932
8.045990765094757
12.987178564071655
9.761561453342438
5.942793190479279
10.757827013731003
6.064713001251221
8.002890646457672
8.45063030719757
3.281983733177185
6.830382347106934
8.537889271974564
4.979397729039192
8.385824412107468
7.178041338920593
5.2460841834545135
10.783393681049347
10.7758529484272
5.789685621857643
6.339768320322037
5.232769623398781
9.065539389848709
7.906489074230194
4.5183248817920685
6.144852563738823
5.9885576367378235
7.038450986146927
4.867886006832123
3.5828325897455215
6.060230731964111
4.444534704089165
3.8682207465171814
4.876949265599251
3.5776544362306595
12.4234139919281
3.5928379744291306
4.502405598759651
11.362934857606888
6.72137513756752
8.49183201789856
8.266248553991318
6.05042539536953
8.127079159021378
6.038452312350273
14.10227119922638
6.73355832695961
8.8569775223732
8.194860816001892
4.927264153957367
6.615682691335678
5.726269632577896
3.856769949197769
6.412480026483536
10.000307857990265
5.554685741662979
5.633234977722168
5.809418857097626
8.305054903030396
7.182131707668304
4.959163814783096
3.563813865184784
10.122817754745483
7.6881155371665955
7.020920515060425
3.998424857854843
5.911702662706375
6.474374979734421
4.233205690979958
9.472205489873886
4.826230928301811
5.770950019359589
3.8986563682556152
7.753926515579224
5.472051724791527
6.908400356769562
8.356325328350067
3.420422226190567
6.703717261552811
2.766725793480873
3.6434784531593323
2.5989172980189323
7.82490000128746
12.12405189871788
5.238599702715874
5.130870267748833
4.646888375282288
4.022657498717308
7.880038022994995
10.965724289417267
4.6806178987026215
8.46506878733635
5.819684639573097
8.27038362622261
3.259482979774475
6.7767433822155
4.837673529982567
4.891359806060791
4.066877439618111
5.085931345820427
8.10915008187294
4.7942813485860825
5.207277461886406
3.829234465956688
5.66285103559494
5.270445346832275
2.757922187447548
7.462466508150101
4.888742417097092
5.063296854496002
7.792423665523529
3.98518405854702
7.095566391944885
9.294156730175018
5.246468633413315
6.084157153964043
5.20719438791275
4.959291592240334
10.228682309389114
5.763363838195801
6.460902094841003
3.6524783819913864
9.37114804983139
3.6483291536569595
3.6246106028556824
4.112767800688744
11.383982747793198
7.947380095720291
3.159771114587784
3.49101722240448
2.3304563015699387
9.491844475269318
9.78374108672142
5.2349768579006195
8.385027199983597
10.230466723442078
4.420820623636246
11.349290609359741
6.301473081111908
4.209386929869652
4.408199340105057
2.892408147454262
6.718771904706955
4.742971807718277
4.553889110684395
3.128277137875557
6.525519490242004
3.9239153265953064
2.457911893725395
3.2732710242271423
3.966587409377098
2.2512540221214294
11.535973846912384
5.7528626173734665
2.9708854854106903
3.790733218193054
8.4744893014431
2.711145393550396
5.089299380779266
5.273841321468353
4.843631759285927
5.876471102237701
7.335709035396576
3.4976188093423843
6.612172722816467
2.457483857870102
3.194393217563629
3.541603684425354
7.445947825908661
4.186772927641869
6.631887704133987
8.338174223899841
4.269134625792503
2.6998011395335197
6.16714246571064
4.619976878166199
5.3307075053453445
7.2334349155426025
6.038568541407585
10.37752628326416
3.7647515535354614
3.6771774291992188
5.082812160253525
5.6327179074287415
4.6839941293001175
6.046070531010628
3.7684600800275803
9.158821403980255
4.744657501578331
3.630892187356949
4.759259149432182
2.7671296149492264
8.045238256454468
6.772369146347046
4.885252937674522
3.347700461745262
5.1226262003183365
5.439524352550507
5.74052631855011
4.986761510372162
8.100365847349167
3.206934779882431
2.9801033437252045
9.27852988243103
10.67645475268364
8.70179682970047
8.425185084342957
4.5233845710754395
3.7622854113578796
3.100203350186348
4.187631234526634
4.752697795629501
12.975379824638367
3.5410288721323013
5.0963591784238815
7.744846493005753
8.791358768939972
3.486866131424904
4.523826763033867
2.71348524838686
8.00032913684845
2.9418908059597015
6.821523606777191
5.052613839507103
8.283782005310059
9.32324230670929
5.313653498888016
5.603144317865372
5.141782760620117
3.198849782347679
4.8086341470479965
7.443521171808243
6.571342796087265
3.773297742009163
8.917807787656784
2.7316367253661156
5.923833325505257
3.0235446989536285
1.8123442307114601
5.9184689074754715
2.0008835941553116
5.87354451417923
4.2083218693733215
6.875652074813843
6.233351677656174
3.1710054725408554
6.001896783709526
3.855043277144432
7.559104263782501
7.009914517402649
2.4225983768701553
4.634694755077362
5.1930394023656845
5.014881491661072
2.0925894379615784
8.745080977678299
5.027862638235092
6.075694039463997
6.868784874677658
4.526681452989578
9.506892412900925
15.510091185569763
8.998508751392365
3.4466221928596497
19.243232905864716
11.909740418195724
11.876747012138367
11.228857189416885
3.262372687458992
2.703963778913021
5.312348902225494
2.5451920926570892
6.754836440086365
11.984792351722717
4.497053474187851
10.944527387619019
4.217414930462837
4.367611929774284
5.1814254373312
5.224098265171051
2.299392782151699
3.235698491334915
4.548284038901329
4.203958436846733
2.141094021499157
4.815962910652161
5.983374640345573
6.377342343330383
5.454815924167633
2.8279395774006844
1.8743045628070831
5.570587515830994
5.998435616493225
5.5581144988536835
6.1280980706214905
8.077417314052582
3.571174293756485
3.884667530655861
9.107719361782074
2.875211276113987
4.769398272037506
6.559523940086365
4.211750626564026
6.212517246603966
9.317926317453384
5.020512640476227
9.091533720493317
7.1937717497348785
1.6665980219841003
4.452863708138466
1.7155403271317482
6.527169048786163
7.2177499532699585
3.4569166600704193
2.1967552602291107
4.350214824080467
8.167097717523575
4.029808938503265
4.499546065926552
4.447076469659805
6.2351614236831665
5.023170635104179
1.7945505678653717
4.1344523429870605
6.667807698249817
2.66205295920372
5.472816899418831
9.138073027133942
7.671714574098587
2.474107965826988
5.957391113042831
4.761525988578796
2.56180502474308
3.0071454122662544
3.3900246024131775
5.821818858385086
6.589505821466446
7.190737873315811
5.297615006566048
2.150529623031616
6.857853382825851
6.098257377743721
2.5550376623868942
7.132311165332794
4.011689126491547
5.252315849065781
2.1780764684081078
5.189729854464531
5.6162431836128235
4.427659139037132
9.195025265216827
2.8058066964149475
2.37614419311285
5.1832858473062515
4.09984365105629
4.161886125802994
1.7380168661475182
3.862079605460167
1.7367806285619736
2.934535965323448
3.3064547926187515
6.390206515789032
4.490474238991737
6.241000071167946
2.7447938919067383
1.7640084028244019
3.6405913531780243
1.7474610358476639
6.633307039737701
5.816974118351936
3.9971310645341873
4.939540475606918
2.4400917813181877
1.9829897210001945
4.023478552699089
3.695540130138397
3.7892643362283707
2.1457431837916374
5.476050823926926
3.962887078523636
4.941300302743912
4.387833923101425
5.4826196283102036
2.8691070154309273
4.7934263944625854
4.527212679386139
6.176046282052994
3.6452516913414
3.3648964017629623
3.6067865788936615
5.954267457127571
3.6808259785175323
2.444327436387539
4.395649582147598
6.699157506227493
3.934493288397789
2.873349189758301
4.171240329742432
5.885372310876846
3.658042848110199
5.605505406856537
4.841189831495285
4.8755742609500885
6.605876982212067
7.096482068300247
2.3921940475702286
4.649396240711212
6.41113668680191
5.728000774979591
2.2864945232868195
5.749944224953651
3.827163204550743
6.614326685667038
5.157958343625069
5.505557358264923
2.59600467979908
5.784799158573151
1.4961588196456432
2.17992439866066
3.5742737352848053
3.1516417860984802
7.712635397911072
2.8463296592235565
3.576965257525444
3.8552775979042053
2.8873372822999954
4.670131206512451
3.516698256134987
7.290317863225937
2.1441806107759476
6.10714852809906
1.7286641523241997
4.6143751591444016
4.363540560007095
2.6663286611437798
3.9727676659822464
5.4808493703603745
1.6644708812236786
1.8572188913822174
6.775978207588196
5.002244561910629
3.5568170249462128
3.118131309747696
4.741830378770828
4.4479381293058395
3.5998299717903137
1.2231252156198025
3.97256501019001
4.554643481969833
4.825729504227638
6.403452903032303
4.880792647600174
6.198548153042793
4.2867861688137054
4.868632927536964
8.411867171525955
4.117944836616516
3.2861050218343735
6.898056715726852
4.825504869222641
7.671137154102325
1.5419680625200272
3.4595418721437454
4.607662186026573
4.611064121127129
2.8942763805389404
3.849630057811737
13.9124795794487
4.761067777872086
3.445509448647499
6.028562411665916
3.5686250776052475
3.915112093091011
3.107904829084873
5.100589618086815
1.5141253359615803
4.322576895356178
10.975592583417892
6.749632954597473
4.835305735468864
4.461357742547989
7.1127161383628845
11.602257937192917
1.4295577071607113
4.7418661415576935
1.4013991691172123
5.420524626970291
4.039886966347694
5.365307629108429
2.8275441378355026
1.8477428704500198
4.006139934062958
16.66490137577057
3.6302410066127777
5.276497453451157
5.581536889076233
6.945879757404327
3.3643249422311783
5.029217153787613
5.833346024155617
2.8915155678987503
4.82935793697834
6.570633500814438
12.36109659075737
4.074039310216904
5.590404197573662
2.7894139289855957
7.257712632417679
3.508087620139122
4.481283202767372
1.8744202330708504
7.616358995437622
3.7155579775571823
3.8164742290973663
1.9417531788349152
4.17141281068325
4.640422388911247
3.2337937504053116
1.885225810110569
4.375706985592842
10.205064713954926
4.459322616457939
4.190285503864288
5.862879380583763
3.71054969727993
3.4305740147829056
3.382725641131401
2.019381523132324
4.5495714992284775
4.14130799472332
5.886039137840271
1.9098477438092232
6.407555937767029
2.3586923256516457
2.4476122111082077
2.0916128531098366
14.34004008769989
3.3260852098464966
2.3870596662163734
4.978340491652489
7.271477580070496
7.189873605966568
4.934443160891533
3.541865572333336
2.130652032792568
3.6687780171632767
3.992118313908577
2.5601474568247795
4.418402165174484
5.346584692597389
3.538171947002411
2.314058691263199
2.4287424981594086
2.1547164767980576
6.155601888895035
4.285610839724541
5.538666620850563
4.875307157635689
1.7422525212168694
7.1499355137348175
8.582332730293274
7.180100679397583
2.2273296490311623
4.085564985871315
3.1044043600559235
4.509252682328224
5.197257176041603
1.7949184402823448
3.2410424202680588
2.9086818918585777
3.020372800529003
4.093774780631065
4.392274841666222
2.9216859489679337
5.113370716571808
4.656247794628143
3.27901691198349
5.104101076722145
2.750299498438835
5.4916370660066605
1.73551756888628
1.4513563364744186
3.341420739889145
4.032387584447861
4.383007064461708
3.1920570880174637
8.437078446149826
3.4031525254249573
3.433409333229065
5.705280601978302
3.910645470023155
3.028678335249424
5.272174254059792
3.720712289214134
4.374115541577339
2.426709607243538
1.6007304191589355
7.434331625699997
6.855736672878265
5.639227479696274
3.451600670814514
5.272994190454483
2.377210184931755
5.191135406494141
3.2488323748111725
2.7302211150527
6.784185767173767
3.434164822101593
3.198733925819397
6.28521591424942
6.330657750368118
4.354553297162056
3.4774955362081528
4.364312067627907
5.250094085931778
9.1254822909832
1.6073770821094513
2.160975895822048
3.332316502928734
3.1318508088588715
5.549445003271103
5.012629181146622
3.689701482653618
3.444300964474678
1.4810733497142792
5.3960684686899185
3.578834608197212
6.018281355500221
3.44630628824234
5.259551107883453
2.4730999022722244
5.208932235836983
7.020068913698196
6.55473917722702
3.9692774415016174
3.1252309679985046
5.361783131957054
4.877914488315582
6.3651397824287415
5.644870921969414
4.166041687130928
3.3172380179166794
1.6168102622032166
4.067586734890938
3.8351938128471375
4.515639692544937
3.410756215453148
4.821688681840897
4.453346133232117
3.9240416139364243
2.6717713102698326
5.675328150391579
5.053317919373512
4.2918771505355835
5.4086461663246155
3.763200342655182
1.4743158593773842
1.9009344279766083
2.9201319441199303
4.851933568716049
2.166474051773548
1.7358606681227684
3.258346766233444
3.9792731404304504
3.379044681787491
1.920049637556076
8.39185118675232
1.452359464019537
1.538886409252882
2.004578337073326
3.0335990712046623
5.273488536477089
3.975636512041092
6.15740492939949
3.3809155225753784
3.3525709062814713
5.127587914466858
4.923083260655403
5.929684266448021
4.829512536525726
4.359277710318565
3.274112567305565
2.0016737282276154
2.726280130445957
3.3932898193597794
5.707937851548195
3.6276720464229584
9.381413459777832
7.187364995479584
2.939392626285553
5.316800996661186
4.189246520400047
3.458993136882782
2.2299516946077347
4.305835068225861
6.860365718603134
5.4313406348228455
4.8051003366708755
2.7130121365189552
1.9126635044813156
6.696859002113342
3.6564748734235764
2.8854185715317726
3.4438714385032654
3.004230000078678
4.110969230532646
1.3539008796215057
2.4790093302726746
2.6198402047157288
3.810790926218033
3.8792528212070465
1.2487390078604221
2.0243698731064796
6.2823280692100525
3.77415269613266
3.867674246430397
2.52312570810318
4.530109092593193
3.238874673843384
4.80109266936779
3.0055252835154533
4.474319145083427
6.583832949399948
2.2260094061493874
4.948164522647858
4.490900039672852
3.3346086740493774
2.8253989294171333
2.7303310111165047
6.419092416763306
3.417748585343361
2.1325189620256424
6.347154825925827
1.9038083031773567
1.3911854475736618
2.902170829474926
5.286575481295586
1.774791069328785
1.8472898751497269
3.8918178528547287
3.7237249314785004
2.0045075565576553
2.7575064450502396
2.528458647429943
5.413941293954849
1.8796518445014954
8.584621548652649
7.201011478900909
5.463482439517975
2.723371982574463
1.9967151805758476
6.962776184082031
15.817701816558838
2.04295851290226
5.558446049690247
4.573549330234528
4.422586038708687
2.169259265065193
1.5513740479946136
3.988227993249893
5.067868158221245
3.182414546608925
4.2067114263772964
4.858069494366646
3.8777094334363937
3.7215914577245712
4.050429165363312
2.6048148050904274
6.221871450543404
4.959152638912201
4.770801588892937
3.8092732429504395
3.747718036174774
4.392022639513016
5.29584176838398
3.9007343351840973
1.6228405758738518
5.287281423807144
3.1229693442583084
6.000547483563423
4.677336663007736
2.237164229154587
3.336069732904434
1.348867453634739
4.094047844409943
2.9675928875803947
6.3715048134326935
4.720897972583771
4.389451444149017
4.329220205545425
7.144491374492645
2.8118567541241646
3.7778474390506744
2.0386528223752975
1.8872011452913284
7.6296404004096985
3.491053357720375
5.056203901767731
2.6409585028886795
3.263704478740692
3.0328841879963875
4.560099542140961
5.017449706792831
6.258955597877502
4.087391868233681
2.334861271083355
4.687870666384697
4.480253159999847
4.028046503663063
6.518096476793289
6.673911958932877
3.343784809112549
2.2072842344641685
8.028379082679749
5.129944160580635
2.2908084094524384
4.03335727751255
3.057757206261158
2.6792408898472786
3.758843243122101
3.4320417791604996
2.102513797581196
3.0131306499242783
5.2971988916397095
3.0513057485222816
3.151651844382286
4.360966384410858
3.4925181418657303
3.343040868639946
4.64140810072422
3.1209800392389297
2.6367468759417534
2.734166383743286
5.103413760662079
2.81054750084877
4.079718515276909
1.7830926924943924
1.7675237730145454
5.942988768219948
5.600257217884064
3.550902381539345
1.7770381644368172
5.142838507890701
1.169896125793457
4.425840452313423
5.611266195774078
3.783131390810013
4.56765741109848
1.7505349591374397
3.5887185484170914
4.585164412856102
2.894062362611294
6.046077236533165
3.3123932778835297
5.175328627228737
1.8575981259346008
4.1929420083761215
3.564124181866646
2.096579596400261
1.5294847078621387
5.895655229687691
1.5530719421803951
4.319389909505844
5.219615995883942
3.609689325094223
3.1050775200128555
3.3344510942697525
2.5248099118471146
5.415305495262146
3.293190896511078
3.988267108798027
1.69057697057724
3.878876566886902
5.302299931645393
3.035231865942478
7.5309813022613525
6.183260306715965
3.497225046157837
2.076529897749424
6.428374350070953
6.138399243354797
5.157625302672386
1.8633557483553886
4.375169798731804
4.4173747301101685
4.709608480334282
3.584638237953186
2.941514551639557
1.6794478520751
4.786664620041847
4.7918666154146194
6.381294876337051
4.438776150345802
2.9424870386719704
4.283250495791435
4.364455863833427
3.431016579270363
1.3790101744234562
2.4894699454307556
3.161472827196121
3.5800501704216003
1.435326412320137
2.3796014487743378
1.970495656132698
3.011705167591572
3.6057844758033752
3.0289817601442337
2.1000975742936134
1.1197724379599094
4.3513525277376175
1.5984544530510902
2.602144703269005
4.234449937939644
1.5818357467651367
3.102388419210911
1.3279490172863007
3.3469688147306442
4.075554013252258
4.394126310944557
2.4316582828760147
1.4066563919186592
4.256842657923698
5.49188144505024
5.453537404537201
5.020656064152718
7.1265362203121185
1.9948551431298256
5.303022265434265
7.4942924082279205
3.0202457681298256
5.236710608005524
3.409210592508316
5.194224789738655
3.668135032057762
4.268132522702217
4.180598631501198
1.708092913031578
2.6832394301891327
7.135839760303497
1.5303891152143478
3.3209893852472305
3.9601240307092667
3.054319880902767
3.9966031908988953
3.7441566586494446
4.592347145080566
3.4467361867427826
3.628307208418846
3.063710778951645
3.4274306148290634
3.502112254500389
5.816099047660828
2.766699530184269
3.124239481985569
1.3060164637863636
3.0534474179148674
3.3723995089530945
5.881165340542793
2.69040297716856
8.677983283996582
3.642791509628296
3.8267038762569427
4.575746133923531
1.2972299940884113
1.7071196809411049
4.401518404483795
2.444767765700817
2.058305963873863
3.449585661292076
5.8328427374362946
6.236789375543594
4.0901292115449905
2.8812862932682037
3.395414352416992
4.695926979184151
3.8607433438301086
5.941341444849968
3.5371921956539154
2.2263364866375923
5.167894437909126
1.9137097522616386
2.5799179449677467
1.7271049320697784
2.315845526754856
5.844533815979958
2.8181126341223717
3.6330942064523697
3.8998737931251526
4.019467532634735
3.4161094576120377
1.6139060258865356
7.38220140337944
3.467399626970291
1.8457572907209396
4.139507934451103
2.925984188914299
2.7717988938093185
5.2619002759456635
3.9587173610925674
1.8447840586304665
1.2902493588626385
3.9693690836429596
4.063437506556511
5.060888826847076
1.4799674972891808
1.3925263658165932
1.9968213513493538
2.3782718926668167
2.2968200966715813
3.0521880835294724
2.794383093714714
6.723657250404358
5.085943639278412
9.448768943548203
1.8049173057079315
3.253088891506195
4.34742271900177
1.6197586432099342
5.1381658762693405
2.9135124757885933
3.370731696486473
6.0889363288879395
4.806270077824593
4.066203907132149
1.6125110909342766
2.6337752118706703
4.711289703845978
3.8258783519268036
3.3355172723531723
1.7036639153957367
4.744104295969009
7.942858338356018
4.673352837562561
3.8173094391822815
3.5008545964956284
2.5979243218898773
3.527207300066948
1.3582324609160423
5.246398597955704
5.8917418122291565
4.957934841513634
3.2799016684293747
3.9878178387880325
5.904020741581917
