66.6284441947937
34.16541814804077
22.012104094028473
57.42875933647156
23.148611187934875
22.002263367176056
34.90452766418457
16.07450544834137
14.651890099048615
8.34667906165123
8.115240931510925
13.562411069869995
8.970630913972855
8.581285178661346
8.26597586274147
4.956920072436333
4.5182004570961
8.057093620300293
9.589315950870514
4.011595249176025
4.876377433538437
5.560335889458656
9.584864228963852
4.817785322666168
5.504269152879715
5.033563077449799
3.525954484939575
6.493204832077026
7.948770374059677
9.444444626569748
5.3790949285030365
3.476802259683609
5.3337212651968
3.5425476729869843
4.468795657157898
3.307237848639488
3.42429056763649
3.0812274664640427
2.8472015634179115
4.0832653641700745
6.474855542182922
4.559190943837166
2.331785298883915
3.641020506620407
2.2388577461242676
3.891613706946373
7.702714949846268
1.8991803750395775
2.9587946832180023
2.8996791690587997
2.4325283244252205
2.0230574533343315
2.9691383242607117
2.108674682676792
1.7881717532873154
3.8751311600208282
1.9401408731937408
1.544811949133873
2.108953148126602
1.6379933804273605
2.3593662306666374
2.696061134338379
1.6055524349212646
1.8608154729008675
1.64390467107296
2.2045381367206573
2.373644895851612
2.0720938220620155
2.699177898466587
1.250695064663887
1.89854446798563
1.52274239808321
1.1348607949912548
1.3637439347803593
3.114279732108116
13.770601153373718
2.4661341682076454
1.9379032775759697
4.25310805439949
2.6788663119077682
2.1275021135807037
3.823702782392502
1.9991079345345497
1.3236288912594318
1.003042608499527
1.6285624355077744
2.3313676938414574
1.609349437057972
1.8764417618513107
1.512405090034008
1.0147444903850555
1.8280250951647758
1.8343845382332802
1.1701219715178013
2.357269264757633
1.6706597059965134
2.060401625931263
3.224826604127884
1.3886475004255772
1.0293197818100452
8.310750871896744
2.304505370557308
1.9710443913936615
1.9605590030550957
1.796402782201767
2.268347889184952
1.1984918266534805
1.2228368781507015
7.279395312070847
2.255776710808277
1.5945110470056534
1.6578370705246925
1.95450559258461
1.014670543372631
1.836969144642353
2.4721724912524223
1.1349068954586983
0.8796107955276966
2.425863593816757
2.6824258267879486
0.8802655152976513
4.551554471254349
2.7252953499555588
3.035985305905342
2.1372832357883453
1.767977699637413
2.3295098915696144
1.3830102980136871
1.0383429005742073
1.5787869691848755
2.263053320348263
1.4357374049723148
1.555858552455902
0.9129115380346775
1.7235102131962776
1.8603900447487831
2.9248200356960297
2.5560446083545685
2.8311099857091904
1.163629163056612
1.3605686835944653
1.0688981041312218
0.9734929539263248
2.8748419135808945
1.565450057387352
1.392503920942545
1.2411735020577908
1.0053040459752083
1.0427512228488922
2.726498246192932
1.531292125582695
2.2289376705884933
0.9174643084406853
2.5715751573443413
1.1140087619423866
1.9885500892996788
1.1270233429968357
0.912149902433157
2.753939665853977
1.087405253201723
1.1665316298604012
1.5539631247520447
1.180204190313816
0.9284541010856628
3.9891619235277176
1.3180682435631752
3.9095524698495865
1.442393846809864
1.4243165031075478
1.6182305291295052
1.4601869508624077
1.0021618567407131
1.4318817295134068
2.0300274714827538
1.2324879877269268
1.1028783395886421
1.0093617253005505
2.0310308784246445
1.418939232826233
0.9434711188077927
1.7287921160459518
0.8019994013011456
1.4110902324318886
1.4995782636106014
1.1435143649578094
0.5411983001977205
0.974797923117876
1.516898162662983
1.1522100307047367
1.4572745189070702
0.826524943113327
0.8481476455926895
0.7163629401475191
0.9396743960678577
0.9449932724237442
0.8865936659276485
1.1219240725040436
1.4528017491102219
0.9241697378456593
2.4742165580391884
0.928825419396162
0.9903897531330585
1.5803655609488487
1.011423021554947
2.3329880088567734
0.9797439910471439
1.93770881742239
0.6994785740971565
1.0225513949990273
0.8542029187083244
0.6892058532685041
2.1028954535722733
0.8659929037094116
0.6806935649365187
0.656156474724412
1.0858367197215557
0.6151880137622356
1.9039614126086235
1.1469116434454918
0.8476090617477894
0.8111996576189995
1.3905703090131283
0.8821024559438229
0.6978980265557766
0.7516023702919483
2.1664703264832497
2.375900000333786
0.5372363608330488
1.642589084804058
1.1970936320722103
1.1522471904754639
0.73496806435287
2.113594487309456
2.1422190591692924
1.0180097073316574
2.6518357917666435
0.6595954764634371
0.6737293675541878
1.1812513694167137
2.8025032952427864
1.0745133273303509
4.2309824377298355
0.8505540899932384
0.9704015217721462
2.4985618889331818
2.0079197362065315
3.8689784705638885
1.0921841487288475
1.1895813047885895
1.5214704908430576
0.8680734783411026
3.110131435096264
2.240452915430069
2.3661628365516663
0.7376306690275669
0.7294065784662962
0.7935171946883202
2.7103714644908905
0.8905930444598198
0.6394794210791588
1.588761992752552
1.4321314170956612
1.9994448870420456
1.0473341681063175
1.5985522419214249
0.6049707997590303
1.2106903828680515
0.8175848983228207
1.033486519008875
1.5657451003789902
0.5710793659090996
0.7001458667218685
0.6703829858452082
2.052629739046097
0.7528859190642834
3.7724535912275314
1.4922324568033218
1.555670890957117
0.9234101511538029
5.215714871883392
1.0691475123167038
1.9550271332263947
1.177881471812725
1.0499536991119385
0.42883683927357197
1.2123593129217625
0.5333753302693367
0.5833947099745274
0.8275645785033703
1.4131790027022362
0.6737833842635155
1.2203196063637733
2.5663409382104874
0.813795905560255
0.6457189563661814
0.5954078864306211
0.9809027425944805
0.8387686684727669
0.9414929896593094
4.881624132394791
0.8886908181011677
0.7063633296638727
0.9110035374760628
0.8433667942881584
2.079419791698456
2.5893699377775192
1.114384736865759
1.2818854302167892
1.0556313209235668
3.329784795641899
1.0941707529127598
0.9553959593176842
3.4145530313253403
2.475644089281559
0.850414764136076
1.049894280731678
0.4662301391363144
1.1908085085451603
1.4044428244233131
0.9674310684204102
0.8371710777282715
0.5643066950142384
1.2596597895026207
1.544597465544939
1.6807407140731812
1.7204910516738892
1.0776596143841743
3.4501485526561737
1.0285516269505024
1.5982940793037415
0.7969515398144722
0.6358252372592688
0.9119745343923569
1.9253749400377274
0.616420665755868
1.373022235929966
1.8034931272268295
0.9186717681586742
0.866371113806963
0.932659488171339
0.6607155781239271
0.6727993488311768
2.466047555208206
0.8639352396130562
1.3278653845191002
1.2879623100161552
1.1389129795134068
1.0545740835368633
0.7783627137541771
0.6290982943028212
0.6954708602279425
1.5748517587780952
2.3524122312664986
1.42086548730731
0.8797571994364262
1.197647862136364
0.7824334315955639
2.9816968366503716
0.8254186250269413
1.029307208955288
4.468750581145287
0.6126818247139454
1.0275757871568203
8.255966007709503
0.7657104171812534
0.7367121987044811
0.8078688755631447
0.8715122938156128
0.5042034201323986
1.426913309842348
1.3701651245355606
0.5770175717771053
1.1312062852084637
3.0658772215247154
1.7922911792993546
1.020796038210392
0.7169758435338736
2.260138839483261
1.2876948341727257
0.7892311550676823
0.896047055721283
2.3500382900238037
0.49450420774519444
0.8103529922664165
1.106308028101921
2.1986253559589386
0.9641680866479874
2.328581362962723
0.5968465469777584
0.8740087039768696
0.6164588034152985
2.7178868651390076
3.3482395112514496
0.6365505047142506
1.2505294755101204
0.4304237198084593
0.5908634979277849
1.9727891311049461
0.9065993130207062
1.3766204938292503
1.011757180094719
0.6481739226728678
1.6628643497824669
0.6981792394071817
1.5641191974282265
0.7736962288618088
1.4705738052725792
1.4664730057120323
1.7593789845705032
0.6876257713884115
2.117387019097805
1.0592911392450333
0.7906794548034668
0.6614360492676497
1.5576327219605446
0.4852429963648319
0.997825525701046
0.874077994376421
0.6917442660778761
2.0221462473273277
0.7359088864177465
0.7491498719900846
1.0028842836618423
0.583001459017396
0.40805661119520664
1.0915927588939667
4.647574573755264
0.45602982863783836
1.3575579039752483
0.7577100768685341
0.6722318939864635
0.9628946892917156
0.9628304280340672
2.2666098549962044
0.6520014256238937
1.6055421903729439
0.791768915951252
0.8793842978775501
0.811251811683178
0.5527528468519449
0.8693195879459381
0.5884908605366945
1.3380280695855618
0.8004976436495781
0.9485849179327488
1.0469697415828705
0.8542411029338837
0.7854077965021133
