63.32497596740723
41.196414828300476
49.27796125411987
28.041359782218933
14.876140654087067
42.64153838157654
33.05034935474396
16.719770431518555
28.78071665763855
18.089598417282104
10.57874709367752
10.883042961359024
17.279230058193207
9.334881603717804
8.381492644548416
9.504497051239014
7.601002603769302
7.737913727760315
6.770071387290955
7.796189934015274
6.899853050708771
6.674403697252274
10.285351425409317
8.867327123880386
5.339549854397774
11.477944254875183
6.447050720453262
10.952536761760712
4.502686113119125
11.993037164211273
4.099847003817558
3.6849994212388992
4.101477935910225
4.576396197080612
3.610541671514511
3.767729550600052
2.921452187001705
2.158474177122116
3.519243746995926
10.445766150951385
5.203180760145187
4.233900457620621
4.976819455623627
3.044312447309494
2.845172956585884
3.6714695394039154
3.126167133450508
3.2873697578907013
2.0774127915501595
6.300121545791626
2.79146172106266
2.873646281659603
3.6967188119888306
1.8795419484376907
3.3380184322595596
9.538167715072632
2.167793922126293
3.402920812368393
7.952151447534561
2.6920611038804054
2.5598181411623955
3.8266129791736603
1.8658129498362541
11.954542994499207
3.1949639320373535
1.89802385866642
2.365349791944027
3.002975508570671
1.9514774903655052
1.6850963234901428
1.8477309495210648
1.7659738659858704
2.437778003513813
2.6131175458431244
2.377643994987011
3.0369244515895844
7.601622492074966
2.5230061262845993
2.7464762330055237
14.447878301143646
2.2485285997390747
7.280318439006805
2.0175818353891373
2.742627263069153
1.2216306291520596
1.7379913479089737
5.606196075677872
2.1262582391500473
5.0612181425094604
1.866137608885765
1.8397456035017967
1.3711863197386265
1.8770111724734306
7.033348828554153
3.3331558108329773
1.16659514605999
3.0809257179498672
2.43083406239748
3.820209577679634
1.9352398812770844
2.0706089213490486
1.3751416467130184
1.3597222976386547
1.221148669719696
2.863803878426552
3.904414549469948
5.815226957201958
1.7151542007923126
1.3942282646894455
2.502070553600788
1.317894086241722
1.836124248802662
5.026695132255554
2.6522723957896233
1.3487311080098152
1.6661826521158218
1.5054664574563503
1.9100720062851906
1.2519476003944874
1.516791246831417
1.016489416360855
3.2958608120679855
1.4252331107854843
2.5604937225580215
1.8950100988149643
1.2496082112193108
1.311749592423439
1.8288403749465942
1.5509996563196182
1.5085584484040737
2.4610845372080803
1.5384810976684093
1.9152825698256493
1.687547191977501
1.3663606718182564
2.0296912640333176
0.923657976090908
1.200187299400568
1.0195652954280376
5.810023099184036
0.8867793716490269
1.909216120839119
2.2719567641615868
2.1334026008844376
1.1918055824935436
1.2786288745701313
2.6391996070742607
2.834867872297764
1.7706241458654404
0.9798470884561539
1.9108930602669716
2.60456670075655
0.7659988477826118
1.2346082367002964
1.892208494246006
1.8408842384815216
2.8076263144612312
1.9953079521656036
1.4089697040617466
1.3020427897572517
1.2109766714274883
1.0028277523815632
1.8959226086735725
1.17623470723629
1.4490416273474693
2.7052372694015503
1.5994960442185402
1.7825398594141006
1.3097411021590233
5.363743752241135
1.1092588305473328
1.5574054792523384
3.7826135754585266
2.699950523674488
1.1822868138551712
14.791153371334076
0.9521602652966976
1.1836299672722816
1.3752149417996407
6.956364959478378
3.586259111762047
1.2966412119567394
2.074906975030899
1.1900047771632671
3.162921592593193
2.940599247813225
1.5500402078032494
1.5851229429244995
2.831924892961979
2.1679146215319633
2.0455263555049896
6.591928005218506
1.7908457666635513
0.647985190153122
1.375453732907772
1.0878016240894794
1.1197001673281193
0.709961261600256
2.5582758709788322
1.0151349939405918
1.0276163928210735
0.9942776523530483
2.1912015974521637
0.6628837436437607
1.3154692947864532
1.8144624307751656
1.88230462372303
0.8538792841136456
2.9277730733156204
1.0137288831174374
1.0896321386098862
1.0898551903665066
1.3648872263729572
0.8651587180793285
1.244381908327341
1.5087215229868889
0.8873256854712963
0.7778159342706203
0.973053090274334
1.1878477409482002
1.2059585191309452
0.6647407542914152
0.5528288427740335
10.200513154268265
1.0563328862190247
0.8297313004732132
1.0111473500728607
0.925328116863966
2.481153979897499
3.8902301341295242
0.9085788391530514
1.7203442752361298
1.6582826152443886
0.8146246895194054
1.2963532470166683
1.3225319795310497
1.0314540937542915
0.8418268524110317
1.0020584799349308
1.334519125521183
1.1591913178563118
1.1990181170403957
1.5368727035820484
0.7257708348333836
5.043945461511612
5.0669074058532715
2.8377294540405273
1.0325093753635883
1.1877787299454212
1.3591518625617027
1.335743349045515
0.8290804922580719
1.4172548428177834
0.6618796847760677
0.6454381160438061
1.1198212392628193
0.6809831596910954
1.7862675711512566
2.0620912313461304
1.2525939382612705
1.141276117414236
0.49749575555324554
1.1848841793835163
1.7517480999231339
1.1188269592821598
1.349100936204195
2.3847298696637154
1.4345304109156132
1.030735019594431
0.865047425031662
0.7343363016843796
0.7289357017725706
0.8315092884004116
0.5775914061814547
0.8069713599979877
0.7378610782325268
1.2468699365854263
1.3690630905330181
1.3693999499082565
3.5920344293117523
1.7136810347437859
0.8490996435284615
0.7865343242883682
0.6001403089612722
0.9354480542242527
1.7182232812047005
3.225236013531685
1.2208940461277962
0.876190047711134
0.8990774862468243
0.8561968803405762
0.7692409213632345
0.8155328221619129
1.04094622656703
1.2139386497437954
0.7755768019706011
1.709883101284504
1.318279467523098
1.2062528170645237
1.0129201225936413
1.4841615222394466
1.0945812799036503
0.99400719627738
0.7585145533084869
0.7451150100678205
1.3840637169778347
5.482042208313942
1.4698524959385395
1.9664214923977852
0.8805648423731327
0.9976182132959366
1.1477014981210232
0.7723634131252766
0.6678591948002577
1.5052328817546368
0.8341955952346325
0.7876712828874588
1.0251907631754875
0.6280777975916862
3.3683162182569504
1.5561452135443687
0.9819022379815578
0.8737532421946526
0.9136657230556011
1.8980316817760468
2.2453617304563522
2.031176909804344
1.047406904399395
0.8146225474774837
0.68903723731637
0.7078699767589569
1.439842116087675
0.890399981290102
1.0055841878056526
3.152112290263176
2.8351284563541412
0.7380944211035967
0.572978937998414
1.8658263608813286
1.9241048023104668
2.4233460426330566
4.223166778683662
0.9585880674421787
0.40587037801742554
0.7557732053101063
0.8727969601750374
1.0326878167688847
2.8181836009025574
0.8462373167276382
2.4868929758667946
1.3171816244721413
1.121547445654869
0.8403106592595577
1.2501657009124756
0.746108777821064
2.5819504633545876
0.6583729758858681
1.2003249488770962
1.0390258394181728
1.6420677304267883
0.8274927735328674
0.599078182131052
1.368778571486473
1.2161113321781158
0.8281796239316463
1.6844337806105614
1.0472366586327553
0.9789958596229553
1.484978199005127
0.8773867972195148
1.056449767202139
1.0872508399188519
1.0441859252750874
0.812813825905323
1.0614501312375069
3.489619493484497
0.739442789927125
1.0701615363359451
0.9206886403262615
0.7263601291924715
0.47324360348284245
0.6875686813145876
2.0377695560455322
0.8816844783723354
5.476897209882736
1.7366915941238403
1.4195890165865421
1.5526344068348408
0.931069441139698
0.924084335565567
1.396674383431673
2.410583943128586
0.8489770814776421
1.3883773237466812
0.8514477871358395
2.251439169049263
1.1066596023738384
0.49861990846693516
0.9636435657739639
0.7250685710459948
1.7665842548012733
0.6122294347733259
1.8610663712024689
1.3779467903077602
0.8841347880661488
1.9194282591342926
1.6981182619929314
0.7600332610309124
1.5865437686443329
0.5983985029160976
0.9396967478096485
0.7437144871801138
0.8459366858005524
0.776007492095232
1.6110222786664963
1.7840469256043434
0.6592882797122002
0.9023346938192844
1.7653625458478928
0.7243763189762831
0.8893188089132309
1.0409762151539326
0.8618494495749474
0.7977887988090515
1.1290271766483784
0.9451189078390598
0.7540274411439896
0.9186627343297005
5.677831918001175
1.0879366658627987
2.143833041191101
3.1800445169210434
0.5784254521131516
0.7380717433989048
1.0828681290149689
0.8210292086005211
0.48329937271773815
0.8896134793758392
0.8368860930204391
2.652529999613762
0.9185329079627991
1.323016732931137
0.9103087708353996
0.9911401197314262
0.7336815353482962
1.0933401063084602
0.7716234773397446
0.7987571880221367
